region,year,gdp,ftrd,im,ex,go,tbe,exf,imf,imi,exi,gtrd,ishare,itrd
ADV,1995,14763271.0169,988865.168113,1126179.47285,1497297.25719,27770754.965,371117.784341,595102.910034,393762.258079,732417.214768,902194.347154,2623476.73004,0.623070730229,1634611.56192
ADV,1996,14381943.892,1021262.03758,1186983.62936,1553156.00243,26989281.1897,366172.373067,607226.487691,414035.549886,772948.079476,945929.514738,2740139.63179,0.627295621826,1718877.59421
ADV,1997,13543921.8305,1009742.25537,1179165.07676,1580278.65651,25546557.6419,401113.57975,601297.917771,408444.337595,770720.739164,978980.738738,2759443.73327,0.634077606587,1749701.4779
ADV,1998,13361846.0073,1046199.28544,1166361.83395,1540575.32683,25154883.7162,374213.492879,624240.884752,421958.400688,744403.433264,916334.442079,2706937.16078,0.613511794586,1660737.87534
ADV,1999,13926340.3895,1111564.64277,1276935.56254,1617717.87866,26322653.1152,340782.316125,639511.997826,472052.644944,804882.917593,978205.880836,2894653.4412,0.615993877903,1783088.79843
ADV,2000,13685590.4272,1196315.36904,1484010.45036,1791035.19319,26257251.9355,307024.742837,679610.55631,516704.812731,967305.637626,1111424.63688,3275045.64355,0.634717955337,2078730.27451
ADV,2001,13044799.3241,1183095.51048,1449196.23163,1749457.32277,25118026.4527,300261.091141,670643.632735,512451.877748,936744.353881,1078813.69004,3198653.5544,0.630127023648,2015558.04392
ADV,2002,13684252.6709,1252587.5734,1482453.86979,1861063.03623,26136400.466,378609.166444,720445.51966,532142.05374,950311.816046,1140617.51657,3343516.90602,0.625368254862,2090929.33262
ADV,2003,16159257.3134,1434778.52473,1726196.94852,2148285.76864,30789643.5779,422088.820121,817556.797903,617221.726827,1108975.2217,1330728.97074,3874482.71717,0.629685140065,2439704.19244
ADV,2004,18405185.5566,1640701.46094,2080256.61993,2570271.53167,35229335.6541,490014.911738,919077.038514,721624.422424,1358632.19751,1651194.49315,4650528.1516,0.647201047396,3009826.69066
ADV,2005,19115853.4587,1816368.71109,2420707.3612,2840588.32664,37036803.0361,419880.965431,999562.31359,816806.397499,1603900.96371,1841026.01305,5261295.68784,0.654767795072,3444926.97675
ADV,2006,19907923.7024,2029964.49868,2788904.48004,3172796.16466,38998188.2109,383891.684622,1107472.60067,922491.898008,1866412.58203,2065323.56399,5961700.6447,0.659499089327,3931736.14602
ADV,2007,22271053.1401,2356399.91267,3260347.30038,3732868.66499,43829993.3897,472521.364616,1282308.05216,1074091.86051,2186255.43986,2450560.61284,6993215.96537,0.663044881734,4636816.0527
ADV,2008,24139057.4951,2685175.67534,3817822.0293,4246512.56144,47971601.9106,428690.532141,1453065.207,1232110.46834,2585711.56096,2793447.35445,8064334.59074,0.667030720871,5379158.91541
ADV,2009,22306117.8876,2186572.63271,2915492.85227,3285729.13915,43009228.1344,370236.286881,1138986.47222,1047586.16049,1867906.69179,2146742.66693,6201221.99142,0.647396491251,4014649.35871
ADV,2010,23236502.5644,2582317.10515,3544432.85266,3964158.02071,45283509.9261,419725.168054,1364731.79007,1217585.31508,2326847.53758,2599426.23063,7508590.87336,0.656084990019,4926273.76821
ADV,2011,25333682.8756,2848823.34318,4098110.959,4431597.46524,49508651.3178,333486.506237,1463443.41384,1385379.92935,2712731.02965,2968154.0514,8529708.42424,0.666011638207,5680885.08105
EME,1995,3845397.76968,535112.676729,681234.130237,738776.2178,7933043.86555,57542.087563,300617.800484,234494.876245,446739.253992,438158.417316,1420010.34804,0.623162832955,884897.671308
EME,1996,4296109.02902,569262.834485,733614.907353,783694.884531,8869751.21616,50079.977178,320096.719782,249166.114703,484448.79265,463598.164749,1517309.79188,0.62482095777,948046.957399
EME,1997,4522795.55022,592862.888186,766741.821293,841320.049048,9339954.82221,74578.227755,344837.009058,248025.879128,518715.942165,496483.03999,1608061.87034,0.631318359622,1015198.98215
EME,1998,4179182.20806,609160.739118,736135.296806,853659.813886,8655137.98398,117524.51708,360459.597695,248701.141423,487434.155383,493200.216191,1589795.11069,0.61683066263,980634.371574
EME,1999,4114002.7289,631783.236487,776574.263121,887592.922768,8633907.50946,111018.659647,386472.063191,245311.173296,531263.089825,501120.859577,1664167.18589,0.620360717454,1032383.9494
EME,2000,4559191.95647,744687.79018,952222.974913,1076851.85265,9656958.01929,124628.877738,459702.665217,284985.124963,667237.84995,617149.187434,2029074.82756,0.632991459919,1284387.03738
EME,2001,4672473.64693,746376.911764,935515.581937,1050090.66004,9923488.60579,114575.078107,458443.935364,287932.9764,647582.605537,591646.72468,1985606.24198,0.624106282513,1239229.33022
EME,2002,5031636.59117,805352.194183,999961.29065,1149646.37345,10710489.9359,149685.082804,496221.935562,309130.258621,690831.032029,653424.437892,2149607.6641,0.625349217147,1344255.46992
EME,2003,5600848.22491,938386.811231,1187192.95116,1371845.14364,12217999.8967,184652.192483,579830.106932,358556.704299,828636.246859,792015.036709,2559038.0948,0.633304868287,1620651.28357
EME,2004,6536178.32538,1117435.27953,1515760.13083,1751934.45379,14509232.9296,236174.322963,690122.153693,427313.125837,1088447.00499,1061812.3001,3267694.58462,0.658035581174,2150259.30509
EME,2005,7715487.2016,1304541.84885,1759897.7242,2106521.11526,17397619.7551,346623.391064,817223.963496,487317.885351,1272579.83885,1289297.15176,3866418.83946,0.662596862105,2561876.99061
EME,2006,9094232.14205,1534125.26193,2075997.78742,2535756.50495,20945288.2063,459758.717534,975982.176403,558143.085524,1517854.7019,1559774.32855,4611754.29237,0.667344536446,3077629.03045
EME,2007,11181146.5324,1843286.26788,2498454.58722,3027693.45459,26193211.6604,529238.867371,1168928.23079,674358.037091,1824096.55013,1858765.2238,5526148.04181,0.666442836142,3682861.77392
EME,2008,13042414.8245,2098163.41114,2936878.55049,3460483.22708,31206980.7981,523604.676587,1300582.07943,797581.331707,2139297.21878,2159901.14765,6397361.77757,0.672026769145,4299198.36643
EME,2009,12609407.9391,1806105.02694,2307361.66102,2761620.58985,30302754.7212,454258.928825,1140683.71977,665421.307174,1641940.35385,1620936.87008,5068982.25087,0.643694742345,3262877.22392
EME,2010,15157554.7178,2206554.5329,2971226.56314,3474794.43437,36458944.3449,503567.871229,1362115.81051,844438.722385,2126787.84075,2112678.62386,6446020.99751,0.657687349491,4239466.46461
EME,2011,17904136.837,2505236.22852,3536832.54316,4059664.918,43237188.7958,522832.374835,1569783.69222,935452.536296,2601380.00687,2489881.22578,7596497.46116,0.670211667768,5091261.23264
USA,1995,7449828.61483,620115.505886,836252.810788,765225.317341,13475212.9776,-71027.493447,244442.768441,375672.737445,460580.073343,520782.5489,1601478.12813,0.612785529197,981362.622243
USA,1996,7876289.48335,659884.269324,892267.218302,816263.566385,14272864.3399,-76003.651917,260162.166237,399722.103087,492545.115215,556101.400148,1708530.78469,0.613770922223,1048646.51536
USA,1997,8372483.04637,734143.235863,969989.910779,902571.288712,15168254.2266,-67418.622067,292508.811416,441634.424447,528355.486332,610062.477296,1872561.19949,0.607947000043,1138417.96363
USA,1998,8825286.02212,754840.64871,987743.849328,864155.898042,15986187.0498,-123587.951286,286338.187308,468502.461402,519241.387926,577817.710734,1851899.74737,0.59239659178,1097059.09866
USA,1999,9386738.04484,823385.112683,1111816.71048,889289.0739,17016289.9082,-222527.636582,289547.519659,533837.593024,577979.117458,599741.554241,2001105.78438,0.588534939477,1177720.6717
USA,2000,9991429.78101,938089.712534,1316038.52957,982508.57608,18304783.0254,-333529.953489,319065.007356,619024.705178,697013.824391,663443.568724,2298547.10565,0.591877099134,1360457.39312
USA,2001,10318630.267,907887.503149,1252718.02439,924669.555505,18575525.0288,-328048.468881,301587.142422,606300.360727,646417.663659,623082.413083,2177387.57989,0.583038173115,1269500.07674
USA,2002,10674323.4579,926016.269903,1281712.49893,903145.924201,18873334.9336,-378566.574725,289204.778753,636811.49115,644901.007776,613941.145448,2184858.42313,0.576166464563,1258842.15322
USA,2003,11174663.3043,985353.268967,1391176.22236,945047.321788,19828498.0708,-446128.900574,302683.947592,682669.321375,708506.900987,642363.374196,2336223.54415,0.578228174511,1350870.27518
USA,2004,11913737.4241,1058393.85049,1624997.1179,1073132.50052,21264711.1011,-551864.617378,329327.042341,729066.808147,895930.30975,743805.458178,2698129.61842,0.607730539236,1639735.76793
USA,2005,12692695.338,1155844.32226,1834853.23906,1187011.25695,23072266.0366,-647841.982115,364315.41952,791528.902738,1043324.33632,822695.837426,3021864.49601,0.617506237032,1866020.17375
USA,2006,13459164.4227,1272201.22263,2032551.14639,1348900.28093,24479922.1099,-683650.865463,410171.02112,862030.201509,1170520.94488,938729.259805,3381451.42731,0.623770664765,2109250.20468
USA,2007,14126148.6559,1373700.28189,2161402.76477,1530925.40128,25795266.0791,-630477.363495,461487.001722,912213.280172,1249189.4846,1069438.39955,3692328.16605,0.627958236614,2318627.88415
USA,2008,14437014.141,1417546.81235,2337644.78272,1641838.62877,26565031.9617,-695806.153949,499272.210714,918274.601631,1419370.18109,1142566.41806,3979483.41149,0.643786224048,2561936.59914
USA,2009,14166215.0299,1201149.37625,1779776.50921,1402113.6718,24802899.209,-377662.837413,432869.59354,768279.782708,1011496.7265,969244.078257,3181890.18101,0.622504452411,1980740.80476
USA,2010,14589839.4825,1368632.90623,2142527.39731,1634458.29273,25810105.9448,-508069.104574,500831.75789,867801.148339,1274726.24897,1133626.53484,3776985.69004,0.637638842573,2408352.78381
USA,2011,15161181.732,1511911.97394,2398985.40107,1841074.10169,26918120.3308,-557911.29938,563485.811966,948426.161972,1450559.23909,1277588.28972,4240059.50275,0.643421991376,2728147.52881
ROW,1995,3100061.90846,573637.144884,1058937.17818,701304.799722,6003296.72859,-357632.378457,218701.768847,354935.376037,704001.802142,482603.030875,1760241.9779,0.674114609193,1186604.83302
ROW,1996,3310373.44134,608284.107376,1116736.06997,776487.371645,6424492.30467,-340248.698328,241861.250671,366422.856705,750313.213268,534626.120974,1893223.44162,0.678704534286,1284939.33424
ROW,1997,3370415.7931,499730.134907,1044258.25784,635985.072397,6543783.60858,-408273.185438,179595.518916,320134.615991,724123.641844,456389.553481,1680243.33023,0.702584663831,1180513.19533
ROW,1998,3221261.53183,547210.457182,1011695.45784,643545.399171,6264479.68288,-368150.058673,207666.89547,339543.561712,672151.896132,435878.503701,1655240.85701,0.669407352493,1108030.39983
ROW,1999,3257066.90428,590379.358304,1054009.4819,824736.142711,6333545.30128,-229273.33919,263024.594446,327354.763858,726654.718043,561711.548265,1878745.62461,0.685758758094,1288366.26631
ROW,2000,3398412.99874,661132.326773,1179943.33722,1081819.67014,6598368.92172,-98123.667086,311734.370381,349397.956392,830545.380831,770085.299756,2261763.00736,0.707691599597,1600630.68059
ROW,2001,3375819.89117,688184.216982,1176102.18327,1089314.4829,6585685.88599,-86787.700367,332097.360668,356086.856314,820015.326952,757217.122231,2265416.66617,0.696221791223,1577232.44918
ROW,2002,3352394.51103,732028.978782,1252329.84609,1102602.17157,6543553.25005,-149727.674523,352120.274159,379908.704623,872421.141468,750481.897409,2354932.01766,0.689150695947,1622903.03888
ROW,2003,3736360.29053,835123.323478,1469427.24284,1308815.1308,7373150.32141,-160612.11203,396750.111776,438373.211702,1031054.03113,912065.019029,2778242.37364,0.69940587927,1943119.05016
ROW,2004,4357033.22786,964256.053476,1797530.83477,1623206.21745,8620444.58876,-174324.617323,451867.087668,512388.965808,1285141.86896,1171339.12978,3420737.05222,0.718114535331,2456480.99874
ROW,2005,5050013.02843,1131442.98391,2133448.93031,2014786.55593,10018945.0508,-118662.37438,522997.236444,608445.747462,1525003.18285,1491789.31949,4148235.48625,0.727247166257,3016792.50234
ROW,2006,5791309.42989,1268624.27362,2477531.0707,2317531.53401,11505716.7767,-159999.536693,558831.830233,709792.443384,1767738.62732,1758699.70378,4795062.60471,0.73543113444,3526438.33109
ROW,2007,6786121.06321,1553457.43573,3027613.30116,2656330.43267,13579035.7644,-371282.868492,650698.66442,902758.771313,2124854.52985,2005631.76825,5683943.73383,0.726693734407,4130486.2981
ROW,2008,8480755.57916,1898416.99993,3628901.82818,3372412.7734,17045867.1288,-256489.054779,796731.952232,1101685.04769,2527216.78048,2575680.82117,7001314.60158,0.728848493753,5102897.60165
ROW,2009,7862538.75185,1566050.44935,2836207.06856,2389374.69027,16043223.2635,-446832.378293,667398.957094,898651.492257,1937555.5763,1721975.73317,5225581.75883,0.700310793778,3659531.30947
ROW,2010,9015523.05701,1857882.2958,3312515.789,2897291.85429,18287963.9267,-415223.934709,780014.061565,1077868.23424,2234647.55476,2117277.79273,6209807.64329,0.700814839601,4351925.34749
ROW,2011,10873575.9919,1963014.81913,3527654.4365,3229246.85481,22103923.496,-298407.581692,817780.264362,1145234.55477,2382419.88173,2411466.59044,6756901.2913,0.709480021314,4793886.47217
WLD,1995,29158559.3098,2717730.49561,0.0,3702603.59205,55182308.5367,0.0,1358865.24781,0.0,0.0,2343738.34425,7405207.1841,4687476.68849,4687476.68849
WLD,1996,29864715.8457,2858693.24876,0.0,3929601.82499,56556389.0504,0.0,1429346.62438,0.0,0.0,2500255.20061,7859203.64998,5000510.40122,5000510.40122
WLD,1997,29809616.2202,2836478.51432,0.0,3960155.06667,56598550.2993,0.0,1418239.25716,0.0,0.0,2541915.8095,7920310.13333,5083831.61901,5083831.61901
WLD,1998,29587575.7693,2957411.13045,0.0,3901936.43793,56060688.4328,0.0,1478705.56523,0.0,0.0,2423230.8727,7803872.87586,4846461.74541,4846461.74541
WLD,1999,30684148.0675,3157112.35024,0.0,4219336.01804,58306395.8341,0.0,1578556.17512,0.0,0.0,2640779.84292,8438672.03608,5281559.68584,5281559.68584
WLD,2000,31634625.1634,3540225.19853,0.0,4932215.29206,60817361.9019,0.0,1770112.59926,0.0,0.0,3162102.6928,9864430.58412,6324205.3856,6324205.3856
WLD,2001,31411723.1292,3525544.14238,0.0,4813532.02122,60202725.9733,0.0,1762772.07119,0.0,0.0,3050759.95003,9627064.04244,6101519.90006,6101519.90006
WLD,2002,32742607.231,3715985.01627,0.0,5016457.50545,62263778.5855,0.0,1857992.50813,0.0,0.0,3158464.99732,10032915.0109,6316929.99464,6316929.99464
WLD,2003,36671129.1332,4193641.92841,0.0,5773993.36488,70209291.8669,0.0,2096820.9642,0.0,0.0,3677172.40068,11547986.7298,7354344.80135,7354344.80135
WLD,2004,41212134.534,4780786.64443,0.0,7018544.70342,79623724.2736,0.0,2390393.32222,0.0,0.0,4628151.38121,14037089.4068,9256302.76241,9256302.76241
WLD,2005,44574049.0268,5408197.8661,0.0,8148907.25478,87525633.8787,0.0,2704098.93305,0.0,0.0,5444808.32173,16297814.5096,10889616.6435,10889616.6435
WLD,2006,48252629.697,6104915.25685,0.0,9374984.48455,95929115.3037,0.0,3052457.62842,0.0,0.0,6322526.85612,18749968.9691,12645053.7122,12645053.7122
WLD,2007,54364469.3917,7126843.89818,0.0,10947817.9535,109397506.894,0.0,3563421.94909,0.0,0.0,7384396.00443,21895635.9071,14768792.0089,14768792.0089
WLD,2008,60099242.0397,8099302.89874,0.0,12721247.1907,122789481.799,0.0,4049651.44937,0.0,0.0,8671595.74132,25442494.3814,17343191.4826,17343191.4826
WLD,2009,56944279.6085,6759877.48525,0.0,9838838.09106,114158105.328,0.0,3379938.74262,0.0,0.0,6458899.34844,19677676.1821,12917798.6969,12917798.6969
WLD,2010,61999419.8217,8015386.84008,0.0,11970702.6021,125840524.142,0.0,4007693.42004,0.0,0.0,7963009.18206,23941405.2042,15926018.3641,15926018.3641
WLD,2011,69272577.4366,8828986.36478,0.0,13561583.3397,141767883.94,0.0,4414493.18239,0.0,0.0,9147090.15734,27123166.6795,18294180.3147,18294180.3147
